1 10 20
100 200 125
201 210 89
900 1000 174
999998 999999 259
999999 999998 259
1 80 116
1 85 116
1 90 116
400 500 142
1 1 1
1 2 2
1 3 8
1 4 8
1 5 8
1 6 9
1 7 17
1 8 17
1 9 20
2 2 2
2 3 8
3 4 8
4 5 6
5 6 9
6 7 17
7 8 17
8 9 20
9 10 20
11 12 15
12 13 10
13 14 18
14 15 18
15 16 18
16 17 13
17 18 21
18 19 21
111 112 70
112 113 21
113 114 34
114 115 34
115 116 34
116 117 21
117 118 34
118 119 34
1111 1112 45
1112 1113 138
1113 1114 138
1114 1115 94
1115 1116 94
1116 1117 45
1117 1118 89
1118 1119 89
11111 11112 131
11112 11113 131
11113 11114 131
11114 11115 162
11115 11116 162
11116 11117 162
11117 11118 162
11118 11119 162
111111 111112 116
111112 111113 111
111113 111114 111
111114 111115 155
111115 111116 155
111116 111117 49
111117 111118 155
111118 111119 155
1119 1118 89
1118 1117 89
1117 1116 45
1116 1115 94
1115 1114 94
1114 1113 138
1113 1112 138
1112 1111 45
1111 1110 32
119 118 34
118 117 34
117 116 21
116 115 34
115 114 34
114 113 34
113 112 21
112 111 70
111 110 114
19 18 21
18 17 21
17 16 13
16 15 18
15 14 18
14 13 18
13 12 10
12 11 15
11 10 15
1 100000 351
100001 200000 383
200001 300000 443
300001 400000 441
400001 500000 449
500001 600000 470
600001 700000 509
700001 800000 504
800001 900000 525
900001 999999 507
